Mt. Umyeon/sca.txt
ncols         1015
nrows         874
xllcorner     198286.36872797
yllcorner     438092.21286065
cellsize      5
NODATA_value  -9999
[rows 410 to 450 of 874, columns 658 to 751 of 1015]
125 150 132925 133100 775 200 1975 175 25 250 275 350 1100 50 25 100 400 1450 346075 25 75 100 125 150 200 525 225 225 125 650 675 325 100 25 50 75 125 150 175 375 225 50 525 450 100 525 525 150 25 50 75 100 125 150 175 200 225 250 275 300 325 900 925 950 975 1000 1025 1050 1075 1100 1125 1150 1175 1200 1225 25 50 75 100 125 150 1200 25 50 25 25 25 25 50 75 100 125 150 1650
175 200 225 250 133375 134375 2000 25 200 50 25 50 1475 75 50 25 525 347550 25 50 100 125 150 175 225 550 250 250 150 675 700 350 125 25 50 75 100 150 175 25 400 250 75 550 475 125 550 550 175 200 225 250 275 300 25 50 75 100 125 150 175 525 550 575 600 625 650 675 700 725 750 775 800 825 850 875 900 925 950 975 1000 25 25 575 625 675 725 750 775 800 825 850 25 200
125 150 175 200 225 134625 25 2025 50 225 75 100 1650 100 75 25 575 347575 50 75 125 150 175 200 250 575 275 275 175 700 725 375 150 25 50 75 100 125 175 200 50 425 275 100 575 500 150 575 575 25 50 75 100 425 25 25 25 50 75 100 125 25 50 75 100 125 150 175 200 225 250 275 300 325 350 375 400 425 450 475 500 525 550 25 25 25 25 25 25 25 25 25 875 900
25 25 50 75 100 25 134650 50 2050 75 250 25 50 1825 100 50 600 347600 75 100 150 175 200 225 275 600 300 300 200 725 750 400 175 25 50 75 200 25 150 200 225 75 450 300 125 600 525 175 600 600 625 650 675 700 450 50 50 25 25 25 25 150 25 50 75 100 125 150 175 200 225 250 275 300 325 350 25 25 50 75 100 125 150 175 250 25 25 50 50 50 50 50 50 75
50 50 25 25 25 125 175 134850 134925 137000 137100 137375 137400 139250 125 75 625 347625 225 125 175 200 225 250 300 625 325 325 225 750 775 425 200 50 75 100 25 225 50 175 225 250 100 475 325 150 625 550 200 625 25 50 75 25 725 475 75 75 50 75 25 50 175 25 25 50 75 100 125 150 175 200 225 250 275 650 50 25 25 25 25 50 25 50 25 300 350 50 75 75 75 75 150 25
75 75 75 50 50 100 25 25 50 75 100 125 150 139425 150 100 25 348275 250 25 200 225 250 275 325 650 350 350 250 775 800 450 225 75 100 125 50 25 250 75 200 250 275 125 500 350 175 650 575 225 650 675 775 25 50 750 500 100 150 25 100 50 75 200 50 25 25 50 75 100 125 150 175 200 225 1100 75 50 50 25 50 25 100 25 25 25 50 425 75 100 100 100 275 450
100 100 175 75 100 125 250 50 25 25 50 75 100 139550 25 275 50 25 348550 250 250 275 300 25 350 675 25 375 375 1050 825 475 250 100 125 150 75 50 25 275 100 225 275 300 150 525 375 200 675 600 250 25 25 800 50 75 775 625 25 175 50 125 75 100 225 75 50 25 25 50 75 100 125 150 175 200 1200 75 75 50 75 25 25 125 50 50 75 100 450 650 125 150 925 950
150 225 200 25 50 75 100 375 75 50 25 25 50 139575 50 25 300 75 348600 275 275 300 325 50 375 700 25 50 400 1450 850 500 275 125 150 175 100 75 50 25 300 125 250 300 325 175 550 400 225 700 625 300 25 50 825 75 875 25 650 50 200 75 150 100 125 250 100 75 50 25 25 50 75 100 125 150 1375 100 100 25 150 50 25 50 150 75 25 50 175 850 875 900 25 50
325 250 225 25 25 50 75 100 400 100 75 50 75 25 139600 75 50 325 348700 300 300 325 350 75 400 725 50 25 75 1875 875 525 300 150 175 200 125 100 75 50 25 325 150 275 325 350 200 575 425 250 1350 25 325 50 75 850 100 900 50 675 75 225 100 175 125 150 275 125 100 75 50 25 25 50 75 100 1500 25 225 50 25 175 75 125 250 450 550 725 750 775 800 825 850 875
350 275 250 50 25 50 75 100 225 425 125 150 25 100 50 139625 100 75 349050 325 325 350 375 100 425 750 75 25 50 1975 900 550 325 175 25 400 150 125 100 75 50 25 350 175 300 350 375 225 600 1300 25 1375 50 350 150 25 975 25 925 75 700 100 250 125 200 150 175 300 150 125 100 75 50 25 25 50 1575 25 50 250 75 225 25 50 25 25 150 50 100 325 350 375 400 425
25 375 550 75 25 25 25 25 25 275 575 25 175 50 125 75 139650 125 349150 350 350 375 400 125 450 775 100 25 50 2050 925 575 350 200 25 450 175 150 125 100 75 50 25 375 200 325 375 400 250 25 1325 50 1400 425 25 175 50 1000 50 950 100 725 125 275 150 225 175 200 325 175 150 125 100 75 50 25 25 1600 100 275 100 250 25 50 75 100 25 25 150 50 25 50 75 100
50 400 575 100 25 50 50 50 50 350 25 600 225 25 75 150 100 139675 349300 375 375 400 425 150 475 800 125 50 25 2125 950 600 375 225 25 50 650 175 150 125 100 75 25 50 400 225 350 800 275 300 350 1350 1475 25 450 50 200 1075 25 75 975 125 750 150 300 175 250 200 225 350 200 175 150 125 100 75 50 50 1625 400 125 275 25 25 50 75 100 125 25 25 250 275 300 325
450 425 600 125 25 50 75 75 150 25 375 50 850 50 25 100 175 125 489000 400 400 425 450 175 500 825 150 25 75 2175 975 625 400 250 25 50 75 850 175 150 125 100 50 25 75 425 1025 825 25 50 75 1800 25 1500 50 475 75 225 1125 25 100 1000 150 775 175 325 200 275 225 250 375 225 200 300 25 125 100 75 75 2050 150 300 50 25 50 75 100 125 150 175 25 25 50 300
75 900 625 150 25 50 75 100 25 175 50 400 75 925 25 50 125 200 150 489425 425 450 475 200 525 850 175 25 50 2275 1000 650 425 275 25 50 75 950 200 175 150 125 75 50 25 100 1050 25 850 25 25 25 1825 50 1525 75 500 100 1375 25 50 125 1025 175 800 200 350 225 300 250 275 400 450 25 325 50 150 125 100 100 2225 325 75 25 25 50 75 100 125 150 175 200 225 75
75 100 1550 175 25 50 75 200 25 50 200 75 425 1025 50 25 75 150 225 489600 450 475 500 225 550 875 200 25 100 2300 1025 675 450 300 25 50 75 100 1175 200 175 150 100 75 50 125 150 1075 50 875 75 25 50 1850 75 1550 100 525 125 1425 25 75 150 1050 200 825 225 375 250 325 550 425 25 475 50 350 75 175 150 125 125 2575 100 50 25 50 75 100 125 150 175 25 50 400
75 100 125 1750 50 75 100 25 225 50 75 225 100 1475 75 50 25 100 175 489850 475 500 525 250 575 900 225 50 25 125 3350 700 475 325 50 25 75 100 1300 225 200 175 125 100 25 75 25 200 1100 950 25 100 50 75 1875 100 1575 125 550 1575 25 50 100 175 1075 225 850 250 400 600 25 575 450 50 500 75 375 100 200 175 150 150 2700 75 25 25 50 75 100 125 325 350 375 25
75 100 125 1900 75 100 25 125 50 250 75 100 250 1600 100 75 50 25 125 490050 500 525 550 275 600 925 250 75 25 50 3500 725 500 350 75 25 50 100 1425 250 225 200 150 125 50 25 100 25 1350 25 975 50 125 75 100 1900 125 1600 150 2150 50 25 75 125 200 1100 250 875 275 425 625 50 600 475 75 525 100 400 125 225 200 175 175 2800 25 50 75 100 125 150 175 200 225 250
50 100 250 1925 25 100 125 50 150 75 350 25 125 1875 125 100 75 25 50 490200 525 550 575 300 625 950 275 100 25 50 3575 750 525 375 25 100 100 125 1450 275 250 225 175 150 75 50 125 25 25 1375 50 1000 75 150 100 125 1925 150 1625 175 2225 25 50 100 150 225 1125 275 900 300 450 650 75 625 500 100 550 125 425 150 250 225 200 3000 50 25 50 75 100 125 150 175 200 225
100 125 25 275 1950 50 125 150 75 175 450 25 50 150 2025 125 100 50 25 490275 550 575 600 325 650 975 300 125 25 50 3650 775 550 400 50 125 125 150 1475 300 275 250 200 175 100 25 200 25 50 100 1500 75 1025 100 175 125 150 1950 175 1650 2425 50 25 75 125 400 25 1150 300 925 325 475 675 100 650 525 125 575 150 450 175 275 250 225 3075 25 25 50 75 100 25 50 75 100
125 25 150 50 300 1975 75 150 175 100 200 500 25 75 2200 150 125 75 50 490300 575 600 625 350 675 1000 325 150 50 25 3725 800 575 425 75 150 150 175 1500 325 300 275 225 25 300 50 25 225 50 25 50 1575 1675 2725 2850 200 150 175 1975 200 1675 2500 25 50 225 25 425 50 1175 325 950 350 500 700 125 675 550 150 600 175 475 200 300 275 250 3125 25 50 75 200 225 250 275 300
75 175 25 175 75 325 2000 100 175 200 125 725 50 25 2300 175 150 100 75 490325 600 625 650 375 700 1025 350 175 75 50 3750 825 600 450 100 175 175 200 1525 350 325 25 525 50 25 325 75 275 25 75 25 25 50 75 100 2975 3200 3375 200 2000 225 4200 50 125 25 250 50 450 75 1200 350 975 375 525 725 150 700 575 175 625 200 500 225 325 300 275 3150 25 50 75 100 125 150 175
50 100 200 50 200 100 350 2025 2150 2350 225 875 75 25 2350 200 175 125 100 490350 625 650 675 400 725 1050 375 200 100 75 3775 850 625 475 125 200 200 225 1550 25 700 50 25 550 75 50 350 375 25 50 100 50 25 50 75 100 125 150 3550 3775 6025 4225 25 25 150 50 275 75 475 100 1225 375 1000 400 550 750 175 725 600 200 650 225 525 250 350 325 300 3175 3200 3225 3250 3275 3300 3325
200 75 125 225 75 225 125 375 25 25 2400 250 975 50 2375 225 200 150 125 490375 650 675 700 425 750 1075 400 225 125 100 3800 875 650 500 150 225 225 250 1575 50 25 725 75 50 575 100 425 400 25 50 75 125 75 25 25 50 75 100 125 150 300 6050 4275 25 50 175 75 300 100 500 125 1250 400 1025 425 575 775 200 750 625 225 675 250 550 275 375 350 325 350 25 25 25 50 75
75 225 100 150 250 100 250 150 400 50 25 2450 1250 75 2400 250 225 175 150 490400 675 700 725 450 775 1100 425 25 375 125 3825 900 675 525 175 250 250 25 275 1600 75 50 750 100 75 600 550 425 25 50 75 100 150 100 50 25 25 50 75 100 125 6375 25 4300 50 75 200 100 325 125 525 150 1275 425 1050 450 600 800 225 775 650 250 700 275 575 300 400 375 375 50 25 50 25 25
13100 100 250 125 175 275 125 275 175 425 75 2550 1275 100 2425 275 250 200 175 490425 700 725 750 475 800 1125 450 50 25 400 3975 925 700 550 200 275 275 50 300 25 1625 100 75 775 125 100 1175 450 25 50 75 100 125 175 125 75 50 25 50 75 100 125 6400 50 4325 75 100 225 125 350 150 550 175 1300 450 1075 475 625 825 250 800 675 275 725 300 600 725 400 400 75 50 25 100 25
100 13125 125 275 150 200 300 150 300 200 650 2575 1300 125 2450 300 275 225 200 490450 725 750 775 25 500 825 1600 25 75 50 4400 950 725 575 225 300 300 75 325 50 25 1650 125 100 800 150 1300 475 25 50 75 100 125 150 200 150 100 75 25 25 50 75 225 6650 6725 4350 100 125 250 150 375 175 575 200 1325 475 1100 500 650 850 275 825 700 300 750 925 750 425 425 25 150 50 25 125
1900 125 13150 150 300 175 225 325 175 325 1000 2600 1325 150 2475 325 300 25 250 225 491200 775 800 50 525 850 1625 50 100 25 75 5375 750 600 250 325 325 100 350 75 25 1700 25 150 125 825 1475 500 25 50 75 100 125 150 175 225 175 125 100 50 25 25 50 75 100 6850 11225 11350 11500 275 175 400 200 600 225 1350 500 1125 525 675 875 300 850 725 1075 950 775 25 875 50 25 175 75 50
125 1925 150 13175 175 325 200 250 350 550 1025 25 2625 1350 2650 350 325 50 275 250 491225 800 825 75 550 875 1650 75 25 125 50 5475 775 625 275 350 350 125 375 100 25 1750 25 50 175 975 2000 25 25 50 75 100 125 150 175 200 250 200 150 175 50 75 100 125 150 175 200 225 250 11775 12075 12275 425 225 625 250 1375 525 1150 550 700 900 325 1600 2700 25 1750 50 25 900 75 50 200 100
175 150 1950 175 13200 200 350 225 275 850 25 1050 50 4000 2675 375 350 75 300 275 491250 825 850 100 575 900 1675 100 25 50 150 75 6275 650 300 375 375 150 400 125 50 25 1800 25 75 1175 2025 25 50 50 75 100 125 150 175 200 225 475 175 375 400 425 450 475 500 525 550 575 600 625 650 675 12975 13425 13675 650 275 1400 550 1175 575 725 1975 2000 2025 4775 25 1775 75 50 925 100 75 225
150 200 175 1975 200 13225 225 375 250 875 25 50 1075 75 6700 400 375 100 325 300 491275 850 875 125 600 925 1700 125 25 50 75 175 100 6950 325 400 400 175 425 150 75 25 1850 25 50 1275 2050 25 50 75 75 100 125 150 175 400 250 750 775 800 825 3350 3400 3450 3550 3975 4075 4200 4850 5000 5300 5325 5350 5375 5400 19100 19775 20075 21500 575 1200 1800 25 50 75 100 4800 50 1800 100 75 950 125 100
225 175 225 200 2000 225 13250 625 275 25 900 50 75 1100 100 7125 400 125 350 325 491300 875 900 150 625 950 1725 150 25 50 75 100 200 125 7300 425 425 200 450 175 100 50 1875 50 25 1350 2075 25 50 75 100 100 125 300 200 625 650 675 2350 2450 2500 25 25 75 400 75 100 625 125 275 150 675 850 1050 1500 1700 2025 2100 2150 23675 24275 26100 26125 26150 26175 26200 125 4950 5025 1825 125 100 975 150
1275 250 200 250 225 2025 13500 650 25 300 50 925 75 100 1125 125 7550 150 375 350 491325 900 925 175 650 975 1750 175 25 50 75 100 125 225 150 7750 450 225 475 200 125 75 25 1950 50 3450 25 25 50 75 100 225 150 475 500 525 1350 1650 125 75 25 25 50 375 50 75 600 100 250 125 500 150 175 425 175 300 50 25 1450 1525 1550 1575 1600 1625 1650 1675 27900 27925 27950 33000 1850 150 125 1000
5350 1300 275 225 275 2275 13525 25 675 50 325 75 950 100 125 1150 7700 175 400 375 491350 925 950 200 675 1000 1775 200 25 50 75 100 125 150 250 175 8225 250 500 225 150 100 25 2000 75 3500 25 25 50 150 375 250 25 275 425 800 175 150 100 50 25 100 350 25 50 575 75 225 100 475 125 150 400 150 275 25 600 1425 50 25 50 75 100 125 150 175 200 225 250 275 33300 1875 175 150
275 5650 1325 300 525 25 15850 25 50 700 75 350 100 975 125 150 1175 7900 425 400 491375 950 975 225 700 1025 1800 225 25 50 75 100 125 150 175 275 8425 275 525 250 175 125 50 2025 100 3575 50 50 75 600 50 25 225 100 125 175 150 125 75 25 50 25 225 25 550 50 200 75 450 100 125 375 125 250 425 575 800 25 25 50 75 100 125 150 175 200 225 250 275 300 325 33650 1900 200
250 275 5950 1650 550 25 25 15875 50 75 725 100 375 125 1000 150 175 1200 8350 425 491400 975 1000 250 725 1050 1825 250 25 50 75 100 125 150 175 200 300 8725 550 275 200 150 75 2050 125 3600 25 75 875 175 125 75 100 75 100 150 125 100 50 25 75 175 125 525 25 175 50 425 75 100 350 100 225 400 125 775 25 50 75 100 125 150 175 200 225 250 275 300 325 350 375 400 34075 1925
25 25 6000 2225 25 75 25 50 15900 75 100 750 125 400 150 1025 175 200 1225 8800 491425 1000 1025 275 750 1075 1850 275 25 50 75 100 125 150 175 200 225 9050 575 300 225 175 100 2075 150 3625 50 1000 25 25 25 50 75 50 75 125 100 75 25 50 75 100 125 250 150 25 400 50 75 325 75 200 375 100 750 25 225 250 275 300 325 350 375 400 425 450 475 500 525 550 575 600 625 34725
25 75 6025 2250 25 50 100 100 25 15925 100 125 775 150 425 175 1050 200 225 1250 500250 1025 1050 300 775 1100 1875 300 25 50 75 100 125 150 175 200 450 9075 600 325 250 200 125 2100 175 3650 75 1100 75 50 25 25 50 25 50 100 75 50 25 50 75 100 100 125 125 375 25 50 300 50 175 350 75 725 25 175 25 50 75 1075 1100 1125 1150 1175 1200 1225 1250 1275 1300 1325 1350 1375 1400 1425
50 150 6050 2275 25 25 75 225 25 50 15950 125 150 800 175 450 200 1075 225 250 1275 501300 1075 325 800 1125 1900 325 25 50 75 100 125 150 350 225 475 9100 625 350 275 225 150 2125 200 3675 100 1125 125 100 75 50 25 25 25 75 50 25 25 50 75 75 100 100 125 225 25 275 25 150 325 50 700 100 125 25 750 950 975 25 1000 1025 1050 1075 1100 1125 1150 1175 1200 1225 1250 1275 1300 1325
75 175 6075 2300 25 50 100 200 275 25 75 15975 150 175 825 200 475 225 1100 250 275 502600 1100 350 825 1150 1925 350 25 50 75 100 250 175 375 250 500 9125 650 375 300 250 175 2150 225 3700 125 1150 325 175 150 125 100 75 50 25 50 25 25 50 50 75 75 100 100 100 125 125 125 300 25 675 75 125 625 700 175 25 850 950 25 825 850 875 900 925 950 975 1000 1025 1050 1075 1100 1125
100 200 6100 2325 25 50 75 100 500 50 25 100 16000 175 200 850 225 500 250 1125 275 300 503725 375 850 1175 1950 375 25 50 75 200 275 200 400 275 525 9150 675 400 325 275 200 2175 250 3725 150 1175 550 200 175 150 125 100 75 50 25 25 25 25 50 50 75 75 75 100 100 100 175 100 650 50 100 475 50 150 225 800 75 150 175 775 25 50 75 100 125 150 175 200 225 250 275 300
125 225 8450 25 25 50 75 100 625 75 50 25 125 16025 200 225 875 250 525 275 1150 300 325 504125 875 1200 1975 400 25 100 100 225 300 25 225 700 550 9175 700 425 350 500 2200 275 3750 25 175 1200 575 25 25 25 25 25 25 50 25 25 25 25 25 50 50 50 75 75 75 150 75 625 25 75 450 25 125 200 550 50 125 425 575 50 500 525 550 25 50 75 100 125 150 175 200 225
