Mt. Umyeon/sca.txt
ncols         1015
nrows         874
xllcorner     198286.36872797
yllcorner     438092.21286065
cellsize      5
NODATA_value  -9999
[rows 328 to 368 of 874, columns 94 to 187 of 1015]
525 200 175 150 125 100 75 50 25 25 25 50 50 150 150 25 100 25 125 1200 12925 2000 375 150 125 100 75 50 25 650 525 4550 575 75 75 2600 50 900 825 800 375 350 325 300 275 250 225 200 175 150 125 100 75 50 25 25 50 100 25 50 75 200 25 25 75 50 225 75 50 25 25 25 25 25 25 100 75 50 25 25 25 25 25 25 50 75 50 75 50 25 25 25 25 25
125 100 75 50 25 25 25 25 25 25 50 50 125 175 175 50 125 50 1350 12950 2025 400 175 150 125 100 75 50 25 675 5100 600 100 100 2625 75 925 850 25 375 350 325 300 275 250 225 200 175 150 125 100 75 50 25 25 50 75 125 50 25 100 225 50 25 25 25 200 100 75 50 25 25 25 25 25 25 25 25 25 25 25 25 25 25 25 25 25 25 25 25 25 25 25 50
25 25 25 25 100 50 50 50 25 100 25 75 150 200 200 200 75 1375 12975 2050 425 200 175 150 125 100 75 50 25 700 5725 125 125 2650 100 950 875 50 400 375 350 325 300 275 250 225 200 175 150 125 100 75 50 25 50 75 100 150 75 25 125 25 300 50 50 25 75 50 25 25 50 25 50 50 75 50 50 25 50 50 75 50 25 25 25 25 25 25 25 25 25 50 50 25
50 50 50 150 25 175 150 25 150 50 25 100 175 225 225 300 1400 13000 2075 450 225 200 175 150 125 100 75 50 25 725 5875 150 2675 125 975 900 75 425 400 375 350 325 300 275 250 225 200 175 150 125 100 75 50 25 75 25 200 175 100 175 50 25 325 125 25 25 25 25 25 50 75 50 75 75 100 75 75 50 75 75 150 50 50 50 50 25 25 75 25 50 50 100 25 75
75 75 625 450 425 225 200 175 75 50 125 25 200 250 250 1725 13025 2100 475 250 225 200 175 150 125 100 75 50 25 6625 175 2700 150 1000 925 100 450 425 450 50 25 325 300 275 250 225 200 175 150 125 100 75 50 25 25 100 250 200 125 200 75 50 350 150 50 50 50 50 50 75 100 75 100 100 125 100 150 100 100 175 25 125 75 75 50 50 25 25 100 50 125 25 125 50
850 750 100 75 50 25 200 175 75 150 50 25 225 275 2000 13050 2125 500 275 250 225 200 175 150 125 100 75 50 25 6825 2725 175 1025 950 125 475 450 1150 675 650 625 275 250 225 200 175 150 125 100 75 50 25 25 25 25 50 375 225 150 225 100 75 375 175 75 75 75 75 75 100 125 100 125 125 250 175 125 125 200 50 150 25 100 100 75 75 50 50 125 75 25 150 50 150
350 325 300 275 250 225 50 25 250 75 50 25 250 300 15075 2150 525 300 275 250 225 200 175 150 125 100 75 25 6875 2750 200 1050 975 150 500 2100 1625 450 425 400 375 350 325 300 275 250 225 200 175 150 125 100 75 50 25 25 450 250 175 250 125 100 400 200 100 100 100 100 100 125 150 125 150 150 450 150 150 225 75 175 50 125 25 125 100 100 75 75 150 100 25 50 175 75
50 25 25 25 100 75 25 300 25 125 50 275 25 325 17250 550 325 300 275 250 225 200 175 150 125 100 50 25 9650 225 1075 1000 175 525 2550 425 400 375 350 325 300 275 250 225 200 175 150 125 100 75 50 25 25 75 50 25 50 725 200 275 150 125 425 225 125 125 125 125 125 150 175 150 175 625 175 175 250 100 200 75 150 50 25 150 125 125 100 100 175 125 25 50 75 200
75 50 250 200 75 50 325 25 175 25 350 50 25 350 17825 350 325 300 275 250 225 200 175 150 125 75 50 9675 250 1100 1025 200 3600 3050 475 450 425 400 375 350 325 300 275 250 225 200 175 150 125 100 75 50 25 100 25 75 50 75 950 300 175 150 450 250 150 150 150 150 150 175 200 175 200 825 200 275 125 225 100 175 75 50 25 175 150 150 125 125 200 25 150 50 75 100
375 350 75 50 25 350 50 200 25 400 25 75 25 18200 375 350 325 300 275 250 225 200 175 150 100 75 9700 275 1125 1050 225 4150 525 500 475 450 425 400 375 350 325 300 275 250 225 200 175 150 125 100 75 50 25 125 25 50 150 75 100 1275 200 175 475 275 175 175 175 175 175 200 225 200 225 1050 300 150 250 125 200 100 75 50 25 200 175 175 150 150 225 50 25 175 75 200
100 75 50 25 375 75 225 50 425 25 125 25 18625 400 375 350 325 300 275 250 225 200 175 125 100 9725 300 1150 1075 250 4175 150 125 100 75 50 25 25 25 350 325 300 275 250 225 200 175 150 125 100 75 50 25 25 150 50 25 175 100 1400 225 200 500 300 200 200 200 200 200 225 250 450 25 1075 475 275 150 225 125 100 75 25 50 225 200 200 175 175 250 75 50 200 25 100
475 450 425 400 100 250 75 450 50 150 25 19450 800 775 375 350 325 300 275 250 225 200 150 125 9750 325 1175 1375 275 4400 200 25 25 25 25 25 50 50 450 75 50 25 300 275 250 225 200 175 150 125 100 75 25 25 50 175 75 50 200 125 1650 225 525 325 225 225 225 225 225 250 275 475 50 1100 775 175 250 150 125 100 50 25 75 250 225 225 200 200 275 100 75 225 25 50
75 50 25 125 275 100 475 19775 19700 19525 19475 800 775 750 725 350 14450 14125 13825 13550 13300 13075 12900 12750 2975 2625 1425 25 4425 25 25 50 50 50 50 75 75 1125 650 625 600 575 250 225 200 175 150 125 100 75 50 25 25 25 50 75 200 100 75 225 1800 250 550 350 250 250 250 250 250 275 300 500 75 1125 975 275 175 150 125 75 50 25 100 275 250 250 225 225 300 125 100 250 50 75
37425 37400 37350 21625 21325 21200 20700 900 875 850 825 50 25 14800 14775 14750 275 250 225 200 175 150 125 100 75 50 25 4450 100 50 75 75 75 75 100 100 1500 350 325 300 275 250 225 200 175 150 125 100 75 50 25 25 50 25 50 75 100 225 125 100 2050 275 575 375 275 275 275 275 275 300 325 525 100 1150 1275 200 175 150 100 75 50 25 125 300 275 275 250 250 325 150 125 275 75 100
50 25 25 15575 15550 15525 175 150 125 100 75 25 15150 325 300 275 250 225 200 175 150 125 100 75 50 25 4475 125 25 100 100 100 100 125 125 1875 350 325 300 275 250 225 200 175 150 125 100 75 50 25 25 50 75 25 50 75 100 125 250 150 125 2350 600 400 300 300 300 300 300 325 350 550 125 2450 225 200 175 125 100 25 100 25 150 325 300 300 275 275 350 175 150 300 100 125
150 125 100 75 50 25 15325 15300 15275 15250 15225 15175 50 25 250 225 200 175 150 125 100 75 50 25 25 4500 150 50 125 125 125 125 150 150 2275 375 350 325 300 275 250 225 200 175 150 125 100 75 50 25 50 75 100 25 50 75 100 125 150 275 175 2500 625 425 325 325 325 325 325 350 375 575 2600 250 225 200 150 125 50 125 50 25 175 350 325 325 300 300 375 200 175 325 125 150
350 325 300 275 250 225 200 175 150 125 100 75 25 300 25 200 175 150 125 100 75 50 25 50 4525 175 75 150 150 150 150 175 175 3950 1650 1625 1600 1575 1150 1100 400 375 350 325 150 125 100 75 50 25 25 175 25 125 50 75 100 125 150 175 300 200 3150 450 350 350 350 350 350 375 400 600 2625 500 225 175 150 75 150 75 50 25 200 375 350 350 325 325 400 225 200 350 150 4150
275 250 225 200 175 150 125 100 75 50 25 50 325 25 400 175 150 125 100 75 50 25 75 4550 200 100 175 175 175 175 200 200 3975 550 525 500 475 50 400 25 675 425 225 25 150 125 100 75 50 25 25 25 200 50 150 75 100 125 150 175 200 525 3175 475 375 375 375 375 375 400 425 625 3150 250 200 175 100 175 100 75 25 50 225 400 375 375 350 350 425 250 225 375 175 6275
250 225 200 175 150 125 100 75 50 25 75 350 50 425 25 125 100 75 50 25 25 100 4575 225 125 200 200 200 200 225 225 4000 700 125 100 75 50 400 25 375 75 225 175 175 150 125 100 75 50 25 25 50 50 225 75 175 100 125 150 175 200 750 3200 500 400 400 400 400 400 425 450 3800 275 225 200 125 200 125 100 25 50 75 250 425 400 400 375 375 450 275 250 400 6475 125
225 200 175 150 125 100 75 50 25 100 375 75 450 50 150 25 75 50 25 50 125 4600 250 150 225 225 225 225 250 250 4025 725 175 150 125 100 75 25 375 75 200 50 200 150 125 100 75 50 25 25 25 50 125 200 450 100 200 125 150 175 200 975 3225 525 425 425 425 425 425 450 475 4100 250 225 150 225 150 125 50 25 75 100 275 450 425 425 400 400 475 300 675 25 6625 1100
175 150 125 100 75 50 25 25 125 400 100 475 75 175 50 100 25 25 75 150 4625 275 175 250 250 250 250 275 275 4050 750 200 125 100 75 50 25 50 300 50 50 175 25 175 150 125 100 75 50 25 25 50 25 50 75 550 125 225 150 175 200 1200 3250 550 450 450 450 450 450 475 500 4375 250 175 250 175 25 150 75 50 100 125 300 475 450 450 425 425 500 1000 50 6650 1625 500
150 125 100 75 50 25 50 150 425 125 500 100 200 75 125 50 325 275 250 4650 300 200 275 275 275 275 300 300 4075 775 225 300 150 125 100 75 50 25 25 275 25 25 150 125 100 75 50 25 50 25 25 75 150 25 50 75 650 150 250 175 200 1425 3275 575 475 475 475 475 950 525 4400 275 200 275 200 50 25 250 25 75 125 150 325 500 475 475 450 450 525 1025 6725 1775 125 100
125 100 75 50 25 75 175 450 150 525 125 225 100 150 75 5625 5275 5250 5225 5200 525 300 300 300 300 325 325 4100 800 250 425 100 75 50 25 25 100 75 50 25 250 225 200 175 150 125 100 75 50 25 25 25 50 225 25 25 50 675 175 275 200 225 4725 600 500 500 500 500 975 550 4700 225 300 225 75 50 275 25 50 100 150 175 350 525 500 500 475 475 1575 6750 2025 225 200 175
100 75 50 25 100 200 475 175 550 150 250 125 175 100 7075 1425 1400 1375 1350 1325 1300 1275 950 625 350 350 4125 825 275 450 50 25 25 25 525 475 350 325 300 275 250 225 200 175 150 125 100 75 50 25 25 50 25 50 300 350 25 75 700 200 300 225 4975 625 525 525 525 525 1000 575 4725 550 250 100 75 25 300 50 75 125 175 200 375 550 525 525 500 2075 9000 2225 175 150 125 100
75 50 25 125 225 500 200 575 175 275 150 200 125 7100 5125 5100 5075 5050 5025 5000 4975 4950 4925 4900 4875 4500 850 25 750 75 25 50 50 550 300 275 250 225 200 175 150 125 100 75 50 25 25 75 50 25 25 50 75 100 125 150 375 50 100 825 1050 1375 6600 650 550 25 1600 25 1625 600 4750 575 375 100 50 325 25 75 100 150 200 225 400 575 550 550 2600 9200 175 150 125 100 75 50
50 25 150 250 525 225 600 200 300 175 225 150 7125 7275 2125 2100 2075 2050 2025 2000 1975 1950 1925 1900 1875 1850 1825 950 900 50 75 75 975 400 75 50 25 150 125 100 75 50 25 25 75 50 100 75 25 50 25 50 75 25 25 50 175 400 75 100 125 150 25 6625 675 600 1650 1650 25 4800 4775 1100 500 75 25 375 25 200 25 175 225 650 25 600 13150 12575 9400 175 150 125 100 75 50 25
475 450 275 550 250 625 225 325 200 250 175 7150 9175 1875 1850 1825 1800 1775 1750 1725 1700 1675 1650 1625 1600 1575 1550 1525 1500 1475 1375 1275 275 250 225 200 175 125 100 75 50 25 50 100 25 125 100 50 25 75 25 50 150 25 50 75 75 200 425 25 25 25 175 50 7325 2275 1675 50 4825 25 1150 25 25 525 425 50 225 25 50 200 900 50 625 13175 25 125 100 75 50 25 25 25 925 900
900 875 850 275 650 250 350 225 275 200 7175 10225 1025 1000 975 950 925 900 875 850 825 800 775 750 725 700 675 650 625 600 550 375 350 325 300 275 250 100 75 50 25 75 125 50 150 125 75 50 25 100 50 75 25 175 50 25 100 100 225 450 50 50 50 200 9675 1700 75 4850 50 1175 25 600 550 25 325 250 75 25 75 1125 75 650 13200 50 150 25 50 25 25 50 50 1050 100 75
1025 1000 975 950 275 375 250 300 225 7200 10725 475 450 425 400 375 350 325 300 275 250 225 200 175 150 125 100 75 50 25 25 150 125 100 75 50 25 25 25 25 100 150 75 175 150 25 100 100 125 75 25 25 100 50 200 75 50 125 125 250 475 75 75 275 11400 100 4875 75 1200 50 625 25 400 350 150 125 25 25 1225 100 675 13225 75 175 125 75 25 50 75 75 1075 100 75 50
1380375 1380250 725 700 675 275 325 250 7225 10750 200 175 150 125 100 75 50 25 500 475 450 425 400 375 350 325 300 275 250 225 200 175 150 125 100 75 50 50 50 125 175 100 200 175 50 25 125 125 150 100 50 50 125 75 25 225 100 75 150 150 275 500 100 11775 125 4900 100 1225 75 650 50 425 25 200 25 50 25 1275 125 700 13700 450 350 150 25 50 75 200 175 1100 575 450 400 375
50 175 1379325 400 375 350 275 7250 10775 925 700 675 650 625 600 575 550 525 350 325 300 275 250 225 200 175 150 125 100 75 50 25 25 25 25 25 150 75 150 200 125 225 200 75 25 175 25 150 175 125 75 75 150 100 25 50 250 200 25 175 450 25 625 11925 4925 125 1250 100 675 75 450 50 225 25 16025 15950 15925 14625 14475 13750 25 25 25 50 75 100 225 25 1775 1750 50 25 25 775
150 50 725 1378175 7600 7575 7275 10800 1525 575 550 525 500 475 450 425 400 375 600 575 550 525 500 475 450 425 400 375 300 250 175 150 100 50 50 175 425 400 225 150 250 225 25 100 50 200 50 175 200 150 100 100 175 125 25 50 325 25 250 25 200 500 12575 4950 150 1275 125 700 100 475 75 250 50 16050 800 775 750 725 700 675 650 600 550 475 375 250 50 1800 75 50 25 25 800 25
25 650 100 575 1369975 150950 150925 140100 138550 138525 138500 138475 138450 138425 138400 138375 138350 138325 137700 137675 137650 137625 137600 137575 137550 137525 137000 25 25 25 50 25 100 75 200 450 25 200 175 275 250 50 25 125 75 225 75 200 225 175 125 125 200 150 50 25 75 350 300 25 50 13300 4975 175 1300 150 725 125 500 100 275 75 16075 825 25 4525 4500 4475 4450 4425 4400 4375 4350 4325 4300 4275 4200 2375 975 950 925 875 50 175
625 75 400 50 550 1218450 15400 15375 15350 15325 7950 7925 7900 7875 7850 7825 7800 7775 7750 7725 7700 7675 7650 7625 6400 500 1025 135950 1200 1175 1150 1125 1000 975 750 275 225 25 300 275 25 75 175 100 25 250 100 225 250 200 150 150 225 175 25 100 25 100 675 50 75 18300 200 1325 175 750 150 525 125 300 100 16100 62275 61425 61375 56825 56800 56775 56750 56725 56700 56675 56650 56625 56600 56575 56500 1775 1300 1275 1250 1225 1200 1000
50 375 25 25 525 925 1202100 50 25 25 7350 7300 7150 7050 6950 4500 4475 4450 4425 4400 4375 4350 4300 1200 500 5875 475 1000 134725 875 850 825 800 775 750 725 700 650 325 300 150 100 200 125 50 275 125 250 275 225 175 175 250 200 50 125 50 125 700 18475 18400 225 1350 83200 83000 82225 82050 81500 81350 81025 80900 64775 2475 2450 2425 2400 2375 2350 2325 2300 2275 2250 2225 1875 1775 1125 50 54700 1750 1725 1700 1675 1650 1625
350 25 50 475 50 900 500 1201525 100 50 25 25 125 75 75 2425 1075 1025 225 200 175 25 3250 1025 1175 475 5850 450 975 133825 425 400 375 350 325 300 275 250 225 200 25 475 450 225 75 300 150 275 300 250 200 200 275 225 75 150 950 875 725 18500 85875 85625 84250 1025 1000 975 950 925 900 875 850 825 800 775 750 725 700 675 650 625 550 475 350 325 75 625 1100 25 54675 54650 54625 54600 54575 54550
175 375 400 25 25 825 475 1201400 175 150 125 100 25 100 50 50 1325 25 775 200 125 25 2725 500 1000 1150 450 5825 425 950 133375 725 700 675 650 625 600 575 550 525 500 1225 1200 1175 1150 1125 800 625 325 275 425 25 525 100 175 975 25 25 25 18525 86375 475 450 425 400 375 350 325 300 275 250 225 200 175 150 125 100 75 50 25 50 50 100 325 300 50 600 1075 1050 1025 825 550 450 75
150 350 225 750 775 275 450 1122625 78575 78400 78375 78300 50 50 25 25 25 1300 725 550 175 100 25 2675 475 975 1125 425 5800 400 925 132625 1450 1425 1400 1375 1350 1325 1300 1275 1250 25 25 925 900 875 850 825 800 775 50 550 125 200 1000 50 50 50 25 107900 2975 375 350 325 300 275 250 225 200 175 150 125 100 75 50 25 2025 2000 1975 1450 1325 25 25 75 300 275 25 575 550 525 175 250 75 350
150 175 200 500 250 25 150 1122600 150 125 50 50 78275 25 25 74975 74950 74375 550 700 525 150 75 25 2625 450 950 1100 400 5775 375 900 131150 275 250 225 200 175 150 125 100 50 112225 111275 111250 111225 111200 111175 111150 111125 111100 1400 1250 1025 75 75 75 50 107925 25 25 2575 2550 2525 2500 2475 2450 2425 2400 2375 2350 2325 2300 2275 2250 2225 75 50 25 500 100 1300 550 475 50 275 250 225 200 25 500 150 225 50
150 175 275 200 225 50 100 1122575 5125 4925 50 25 25 78250 78225 3225 975 550 74350 525 675 500 125 50 1750 850 425 925 1075 375 5750 350 875 130850 112425 112400 112375 112350 112325 112300 112275 112250 50 25 275 250 225 200 175 150 75 109125 108750 108700 108575 108450 108325 108050 100 50 25 75 50 25 25 25 25 25 25 25 25 25 25 75 50 25 100 75 50 25 475 75 725 50 450 25 250 225 25 125 25 450 125 200
150 250 175 200 25 25 100 1117325 150 25 4900 25 1525 1500 1475 1675 550 950 525 74325 500 650 475 100 25 1725 825 400 900 1050 350 5725 325 850 18400 225 200 175 150 125 100 75 25 475 175 150 125 100 75 50 50 50 350 25 25 25 25 200 175 150 100 25 75 50 50 50 50 50 50 50 50 350 300 200 175 150 125 100 75 50 25 450 50 700 25 425 400 150 50 25 75 250 175 100
