Mt. Umyeon/sca.txt
ncols         1015
nrows         874
xllcorner     198286.36872797
yllcorner     438092.21286065
cellsize      5
NODATA_value  -9999
[rows 410 to 450 of 874, columns 0 to 93 of 1015]
350 350 950 225 250 200 200 425 650 1700 525 100 75 25 50 175 50 25 125 75 100 150 175 225 250 175 125 125 125 250 75 50 175 125 100 25 175 250 275 300 325 350 375 400 425 850 5550 100 400 425 450 475 500 525 550 575 25 50 75 25 25 50 25 25 25 25 25 200 50 50 275 75 100 25 150 10775 25 25 475 50 75 100 75 150 225 500 25 425 50 25 50 75 375 425
375 375 975 250 275 225 225 450 675 2250 125 25 125 25 75 200 75 50 25 150 100 125 175 200 250 275 475 625 150 25 275 100 75 200 150 125 150 175 200 225 250 275 300 325 25 25 875 5575 125 25 50 75 100 125 150 175 600 25 25 100 50 125 25 50 75 100 175 25 25 250 50 75 75 100 125 25 10850 25 50 500 75 100 125 100 125 250 525 50 450 75 25 50 75 100
25 775 1000 275 300 250 250 475 700 2400 50 25 150 50 100 225 100 75 25 50 175 125 150 200 225 500 25 50 700 875 50 300 125 225 450 625 650 675 700 725 750 775 800 825 1175 1225 50 950 6550 6700 6725 6750 6775 6800 6825 6850 7050 7675 50 50 125 25 150 25 25 50 25 50 225 25 50 50 25 50 75 100 25 10875 50 125 525 100 125 275 25 150 275 550 75 475 100 25 50 75
25 50 1800 25 600 275 275 500 725 2425 75 200 75 125 25 250 125 100 50 25 75 200 150 175 225 250 775 800 825 850 1750 1825 2150 2175 2200 2225 2250 2275 2300 2325 2350 2375 2400 2425 2450 2475 3725 3750 3775 3800 3825 3850 3875 3900 3925 3950 25 25 7700 125 150 50 175 50 25 25 75 100 50 25 25 25 50 75 100 125 125 50 10950 25 150 700 825 850 300 50 175 300 575 100 500 125 25 50
25 75 150 2175 2800 25 575 525 750 2450 100 225 100 175 275 150 25 125 75 25 50 100 225 175 200 25 50 75 100 125 150 175 200 225 250 275 300 325 350 375 400 425 450 475 500 525 550 575 600 625 650 675 25 25 25 50 4025 50 7800 7825 7975 175 250 75 50 25 25 25 25 25 25 50 75 25 25 25 150 300 25 10975 50 25 50 75 875 325 75 200 325 600 125 525 150 25
25 75 150 175 25 2825 2875 1125 775 2475 125 250 125 200 300 200 150 25 100 50 75 25 125 250 450 675 25 50 75 100 125 150 175 200 225 250 275 300 325 350 375 400 425 450 475 500 525 550 25 25 25 25 700 50 50 25 50 4100 4125 4150 4175 12175 200 400 25 25 25 75 25 25 50 25 25 125 50 50 50 75 325 50 11000 75 100 125 225 900 350 100 225 350 625 150 550 175
25 50 75 175 200 250 275 3175 1925 2500 150 275 150 225 325 225 175 50 125 75 100 50 25 150 25 25 725 750 25 50 75 100 125 150 175 200 225 250 275 300 325 350 375 400 425 450 25 25 575 50 50 50 50 725 75 75 100 125 150 25 25 50 12450 25 425 100 100 25 25 50 50 75 50 25 150 75 150 25 100 350 75 11100 25 25 25 275 925 375 125 250 375 650 175 750
25 50 75 100 225 250 275 25 3200 4450 175 300 175 250 350 250 200 75 150 100 125 75 50 25 175 50 25 50 825 850 875 900 925 950 975 1000 1025 1050 1075 1100 1125 1150 1175 1200 1225 1250 1725 50 50 600 75 75 75 75 750 100 25 50 175 50 25 25 25 12475 50 650 50 25 25 50 75 75 100 75 50 225 25 175 50 125 375 25 11125 50 50 25 300 950 400 150 275 400 675 775
25 50 75 100 125 275 450 750 800 3225 4650 325 200 275 375 275 225 100 175 125 150 100 75 50 200 25 75 25 50 75 100 125 150 175 200 225 250 275 300 325 350 375 400 425 450 475 500 2250 75 75 625 100 100 100 100 775 125 25 75 250 50 50 25 50 12500 725 75 50 50 25 75 100 100 125 100 125 250 50 200 75 150 400 50 11150 75 75 50 325 975 425 175 700 700 725
25 50 75 100 125 150 25 50 75 900 7900 350 225 300 400 300 250 125 200 150 175 125 100 75 225 50 25 100 25 50 75 100 125 150 175 200 225 250 275 300 325 350 375 400 425 450 475 500 2775 2875 2975 650 125 125 125 125 800 150 125 275 75 75 25 50 75 13250 100 75 100 25 25 100 125 250 400 25 150 275 75 300 100 175 425 75 11175 100 100 75 350 1000 625 1350 241425 241700
25 50 75 100 125 150 300 325 350 375 1300 8275 250 325 425 325 275 150 225 175 200 150 125 100 250 75 25 50 125 150 175 200 225 250 275 300 325 350 375 400 425 450 475 500 525 550 575 600 625 650 675 3675 675 150 150 150 150 825 175 425 100 100 25 50 75 100 13375 100 125 50 25 50 125 150 175 600 650 175 300 25 325 125 200 450 100 11200 125 125 100 1375 1400 240050 300 100
25 50 75 100 125 125 125 250 275 300 325 1325 8550 350 450 350 300 175 250 200 225 175 150 125 275 100 50 25 75 25 25 50 75 100 125 150 175 200 225 250 275 300 325 350 375 400 425 450 475 500 525 550 3700 4400 175 175 175 175 850 625 125 25 125 50 75 200 13400 125 150 75 25 50 75 25 25 25 25 675 875 1200 1250 1600 150 225 475 125 11225 150 250 275 238325 75 175 100
25 50 75 100 100 100 100 25 50 75 100 450 1350 8925 475 375 325 200 275 225 250 200 175 150 300 125 75 50 25 100 50 25 25 50 75 100 125 150 175 200 225 250 275 300 325 350 375 400 425 450 475 25 575 600 4425 200 200 200 200 875 775 25 50 150 75 300 13425 150 175 100 25 50 75 100 50 50 50 50 225 250 275 300 1925 2100 2350 2850 3000 14400 14425 237825 150 125 50 150
25 50 75 75 75 75 25 50 75 100 125 150 625 2000 9425 400 350 225 300 250 275 225 200 175 325 150 100 75 25 50 125 75 50 25 50 75 100 125 150 175 200 225 250 275 300 325 350 375 400 425 25 500 550 25 625 4650 25 225 225 225 900 800 50 75 175 400 13450 175 200 125 25 50 75 100 125 75 125 150 25 50 75 100 125 150 175 200 225 215950 223100 150 125 125 100 25
25 50 50 50 50 50 100 125 150 175 200 225 250 275 2300 9850 375 250 325 275 300 250 225 200 350 175 125 25 100 50 75 150 100 75 25 25 25 25 25 50 75 100 125 150 175 200 225 250 275 300 450 50 75 575 50 5300 50 25 250 250 250 925 825 75 275 425 13475 200 225 150 25 50 75 100 125 225 250 275 300 675 700 725 750 775 800 825 850 214850 6975 125 125 100 100 75
25 25 25 25 25 25 175 200 225 250 275 300 325 350 375 2325 9875 650 350 300 325 275 250 225 375 200 150 25 50 125 75 100 175 125 100 50 50 50 50 25 25 50 75 100 125 150 175 25 50 75 400 875 25 100 600 75 5375 50 25 275 275 275 1775 100 300 450 13500 25 225 250 175 50 75 100 250 275 300 325 350 425 450 475 500 525 550 575 210400 4425 6775 50 100 100 75 75
25 50 75 100 125 150 25 50 75 100 125 150 175 200 225 625 2975 9900 1025 325 350 300 275 250 400 225 175 25 100 150 25 200 25 200 150 125 75 75 75 150 50 25 50 75 100 125 150 200 225 250 275 300 1200 1250 1375 625 100 5450 25 50 575 300 1800 25 125 775 13525 50 25 250 525 200 75 275 300 325 350 375 400 1225 1250 1275 1300 1325 1350 1575 208225 4400 6575 175 25 75 75 50
25 50 75 100 125 150 175 200 225 250 275 300 325 350 375 400 425 3425 9925 1375 375 325 300 275 425 250 200 50 125 175 50 25 250 25 225 175 150 100 100 25 175 250 25 25 50 25 50 225 250 275 300 325 350 375 400 1400 2050 125 5475 100 600 325 1825 50 150 800 13550 75 25 50 25 575 225 25 50 75 100 125 1200 50 100 125 150 175 200 208200 25 4350 125 6425 150 25 50 50
25 50 75 100 125 150 175 200 225 250 275 300 325 350 375 400 425 450 3900 9950 1775 350 325 300 450 275 225 75 150 200 75 50 275 25 50 250 200 175 125 125 50 25 275 50 25 75 100 125 150 175 200 225 250 275 300 725 750 2825 8450 25 125 950 1850 75 175 825 13575 100 25 50 75 100 925 950 975 1000 1025 1050 25 25 325 350 375 400 208125 50 3625 550 150 100 6400 100 75 25
25 50 75 100 125 150 175 200 225 250 275 300 325 350 375 400 425 450 475 4400 11750 25 700 325 475 300 250 100 175 225 100 75 300 50 25 75 275 225 200 150 150 75 50 300 75 50 75 100 125 150 175 200 225 250 275 300 325 350 375 8475 50 150 2825 100 200 850 13600 125 25 50 75 100 125 150 175 200 225 250 275 300 225 250 275 975 206725 25 3600 425 100 125 75 6375 50 50
25 50 75 100 125 150 175 200 225 250 275 300 325 350 375 400 425 450 475 25 4425 11800 725 350 500 325 275 125 200 250 125 100 325 75 50 25 100 300 250 225 175 175 100 75 325 100 125 150 25 50 25 50 75 100 125 150 175 200 225 625 8500 75 175 2850 325 875 13625 150 25 50 75 100 25 50 75 100 125 150 175 200 625 650 675 206650 50 25 3550 325 75 75 100 50 6300 25
25 50 75 100 125 150 175 200 225 250 275 300 325 350 375 400 425 450 475 975 1025 4450 11825 1100 525 350 300 150 225 275 150 125 350 100 75 25 50 125 325 275 250 200 200 125 100 350 375 400 175 200 75 25 25 50 75 100 125 150 175 200 850 9375 100 200 2875 1225 13650 175 25 50 75 200 225 250 275 300 325 350 375 600 50 100 206325 300 25 50 3475 75 225 50 50 75 25 6275
25 50 75 100 125 150 175 200 225 250 275 300 325 350 375 400 425 450 475 500 525 1575 4475 11850 1650 375 325 175 250 300 175 150 375 125 100 25 50 75 150 350 300 275 225 225 150 125 150 175 600 625 225 100 50 25 25 50 75 100 125 150 175 200 9600 125 225 2900 14900 200 25 50 125 25 50 75 100 125 150 175 200 25 25 206200 200 75 25 775 2625 50 50 200 25 25 50 5825
25 50 75 100 125 150 175 200 225 250 275 300 325 350 375 400 425 450 475 500 525 550 2150 4500 11875 2050 350 200 275 325 200 175 400 150 125 25 50 75 100 175 375 325 300 250 250 175 200 225 250 25 650 250 125 75 50 25 50 75 100 125 150 175 200 9825 9975 250 2925 15125 25 50 150 175 200 225 250 275 300 205800 205850 206050 206175 100 75 50 25 725 225 2375 25 25 175 25 25 5800
25 25 50 75 100 125 150 175 200 225 250 275 300 325 350 375 400 425 450 475 500 525 550 2725 7250 11900 2075 575 300 350 225 200 425 175 25 150 50 75 100 125 200 400 350 325 275 275 25 50 75 275 50 675 275 150 100 175 200 225 250 275 25 25 25 50 75 10075 275 2950 15150 100 125 150 175 200 225 205250 205475 175 25 175 100 75 50 25 325 375 175 25 2350 25 75 50 4200 1575
25 50 25 50 75 100 125 150 175 200 225 250 275 300 325 350 375 400 425 450 475 500 525 550 575 7850 11925 2100 900 375 250 225 450 200 25 50 175 75 100 125 150 225 425 375 350 300 300 325 25 100 300 75 700 300 475 500 525 550 575 600 900 950 1000 25 25 25 10100 300 18125 18150 18175 18200 18225 18250 205000 175 25 50 100 150 75 50 25 150 150 125 225 150 1600 700 50 25 4175 1550
25 50 75 25 50 75 100 125 150 175 200 225 250 275 300 325 350 375 400 425 450 475 500 525 550 575 8450 11950 2125 925 650 250 475 25 225 50 75 200 100 125 150 175 250 450 400 375 700 725 1075 50 125 325 100 825 850 875 900 925 950 975 1000 1025 1050 2075 2125 2175 50 10475 10500 10525 10550 10575 10600 186550 75 50 100 25 75 125 50 25 125 125 100 100 100 125 1575 675 25 3150 1000 1525
50 25 75 100 25 25 50 75 100 125 150 175 200 225 250 275 300 325 350 375 400 425 450 475 500 525 550 9025 21000 2150 950 925 500 25 50 250 75 100 225 125 150 175 200 275 750 425 450 475 500 1600 1675 1825 350 375 400 425 450 475 500 525 550 575 600 625 650 675 7950 7975 8000 8025 8050 175475 175725 150 125 50 25 75 50 100 25 100 100 75 75 75 50 50 1550 650 1400 1725 975 1500
75 25 50 100 125 175 200 225 250 275 300 325 350 375 400 425 450 475 500 525 550 575 600 625 650 675 700 725 750 21775 23950 1900 25 525 50 75 275 100 125 250 150 175 200 225 25 775 800 25 50 75 100 25 1875 1900 1925 1950 1975 2000 2025 2050 2075 4325 4450 4700 4900 5075 150 165200 165400 166250 167400 1025 50 25 125 100 25 50 25 75 75 75 50 50 50 25 25 1525 325 300 1375 1700 950 1475
100 25 50 75 125 150 175 200 225 250 25 50 75 100 125 150 175 200 225 250 275 300 325 350 375 400 425 450 475 500 525 24500 1925 50 550 75 100 300 125 150 275 175 200 225 250 300 325 825 25 50 75 125 150 175 200 400 1700 1800 1875 2100 2225 100 225 175 150 125 200 164825 175 825 100 925 75 25 75 25 75 25 50 50 50 25 25 25 25 50 1500 300 275 1050 300 1675 925 1450
125 25 50 75 100 25 25 25 25 25 275 25 50 25 25 25 50 75 100 125 150 175 200 225 250 275 300 325 350 375 400 425 24950 26900 625 25 100 125 450 25 175 300 200 225 250 275 25 350 850 875 900 100 125 150 175 1275 75 50 200 100 75 200 150 125 100 175 150 164650 150 800 75 850 50 50 25 25 50 25 25 25 25 50 75 100 125 1425 275 250 1025 275 1650 300 600 1425
150 25 50 75 100 125 50 50 50 50 50 300 25 100 50 50 25 50 75 100 125 150 175 200 225 250 275 300 325 350 375 400 425 450 27375 650 50 125 600 25 50 200 325 225 250 275 300 50 375 400 25 950 975 1000 1250 50 25 175 75 50 175 125 100 75 150 125 500 164125 125 725 50 50 825 25 25 25 50 75 100 125 150 175 200 225 1275 250 225 1000 250 1625 275 575 800 600
175 25 50 75 100 125 150 75 75 75 150 75 325 25 150 75 150 175 200 225 250 275 300 325 350 375 400 425 450 475 500 525 550 575 600 28000 675 75 750 25 50 75 225 350 250 25 300 325 75 25 425 25 25 50 225 25 150 50 25 150 100 75 50 125 100 75 400 164100 50 50 700 25 25 800 25 25 50 75 100 125 150 175 200 1025 225 200 975 225 1600 250 550 775 575 825
200 25 50 75 100 125 150 175 100 100 25 175 100 350 25 200 225 250 275 300 325 350 375 400 425 450 475 500 525 550 575 600 625 650 675 700 28725 29500 25 775 50 75 100 250 375 275 50 325 350 100 50 450 50 75 150 50 75 25 125 75 50 25 100 75 50 275 100 50 164025 25 25 675 25 300 450 25 50 75 100 125 150 175 800 200 175 950 200 1575 225 525 750 550 800 575
25 225 50 75 100 125 150 175 200 325 125 50 200 125 375 25 50 75 25 50 75 100 125 150 175 25 25 50 75 100 125 150 175 200 225 250 275 300 29825 50 800 150 25 125 275 400 300 75 350 375 125 75 475 100 25 25 50 50 50 50 25 75 50 25 100 150 50 25 25 164000 25 325 300 275 425 25 25 75 100 125 150 600 175 150 925 175 1550 200 500 725 525 775 550 1400
25 50 250 75 100 125 275 450 200 25 350 150 75 225 150 400 425 25 125 25 25 25 25 25 25 200 250 25 25 50 75 100 125 150 175 200 225 250 275 30125 30200 825 175 50 150 300 425 325 100 375 400 150 725 750 775 800 25 25 25 25 25 25 25 75 50 50 25 25 163275 350 325 300 275 250 325 75 25 50 75 100 425 150 125 900 150 1525 175 475 700 500 750 525 1375 550
25 50 75 275 100 125 25 50 475 700 50 375 175 100 250 425 25 450 475 150 50 50 50 50 50 50 75 275 50 25 25 50 75 100 125 150 175 200 225 250 275 30225 850 200 75 175 325 450 350 475 875 425 25 50 75 100 925 950 975 1000 1025 1050 25 25 25 25 25 162900 350 325 300 275 250 225 300 50 25 50 75 300 125 100 875 125 1500 150 450 675 475 725 500 1350 525 575
25 50 75 100 300 125 150 175 75 25 725 75 400 200 125 150 450 50 75 500 175 75 75 75 75 75 100 100 400 475 50 75 100 125 150 175 200 225 250 275 300 600 30850 31725 31950 32050 200 350 475 25 50 1375 1400 1425 1450 1475 1500 1525 1550 1575 1600 1625 2700 2725 2750 2775 162500 350 325 300 275 250 225 200 275 25 25 150 200 100 75 850 100 1475 125 425 650 450 700 475 1325 500 550 2525
25 50 75 100 125 325 150 25 200 100 50 750 100 425 225 25 175 650 25 100 525 200 100 100 100 200 225 350 375 25 525 550 575 600 625 650 675 700 725 750 775 800 825 850 875 900 32975 33200 375 500 525 550 575 600 625 650 675 700 725 750 775 800 825 850 875 159350 350 325 300 275 250 225 200 175 250 25 125 25 75 50 825 75 1450 100 400 625 425 675 450 1300 475 525 2500 525
25 50 75 100 125 150 350 175 50 225 125 75 775 125 450 250 50 25 675 50 125 550 225 125 125 150 175 200 225 400 425 450 475 500 525 550 575 600 625 650 675 700 725 750 775 800 825 850 34075 34475 34500 25 50 75 100 125 150 175 200 225 250 275 300 325 157975 475 325 300 275 250 225 200 175 150 200 25 75 50 25 800 50 1425 75 375 600 400 650 425 1275 450 500 2475 500 12025
25 50 75 100 125 150 175 375 200 75 250 150 100 800 150 475 275 75 50 700 75 150 575 250 150 25 25 50 75 250 275 300 325 25 25 50 75 100 125 150 175 200 225 250 275 300 325 350 375 400 34925 34950 34975 35000 35025 35050 35075 35100 35125 35150 35175 35200 35225 157600 25 450 300 275 250 225 200 175 150 125 175 75 50 25 775 25 1400 50 350 575 375 625 400 1250 425 475 2450 475 12000 500
