Mt. Umyeon/sca.txt
ncols         1015
nrows         874
xllcorner     198286.36872797
yllcorner     438092.21286065
cellsize      5
NODATA_value  -9999
[rows 492 to 532 of 874, columns 846 to 939 of 1015]
550 475 650 450 750 425 825 400 950 375 1075 350 1175 325 1275 300 2325 275 2350 250 2175 225 60450 1125 2275 1375 2050 175 150 125 100 75 25 1750 850 825 800 775 750 725 700 675 650 625 600 575 550 525 500 475 450 425 400 375 350 325 300 275 250 225 200 175 150 125 100 75 50 25 125 625 125 75 1025 75 25 900 425 400 375 350 325 300 275 250 225 200 175 150 125 100 75 50 25 25
475 525 450 625 425 725 400 800 375 925 350 1050 325 1150 300 1250 275 2300 250 2325 225 2150 200 60425 1100 2250 1350 2025 2000 1975 1950 1925 50 25 875 850 825 800 775 750 725 700 675 650 625 600 575 550 525 500 475 450 425 400 375 350 325 300 275 250 225 200 175 150 125 100 75 50 25 100 600 100 50 1000 50 25 450 425 400 375 350 325 300 275 250 225 200 175 150 125 100 75 50 25
450 450 500 425 600 400 700 375 775 350 900 325 1025 300 1125 275 1225 250 2275 225 2300 200 2125 175 60400 1075 2225 1325 150 125 100 50 1900 925 900 875 850 825 800 775 750 725 700 675 650 625 600 575 550 525 500 475 450 425 400 375 350 325 300 275 250 225 200 175 150 125 100 75 50 25 75 575 75 25 975 475 450 425 400 375 350 325 300 275 250 225 200 175 150 125 100 75 50 25
425 425 425 475 400 575 375 675 350 750 325 875 300 1000 275 1100 250 1200 225 2250 200 2275 175 2100 150 60375 1050 2200 1150 1125 1100 25 25 950 925 900 875 850 825 800 775 750 725 700 675 650 625 600 575 550 525 500 475 450 425 400 375 350 325 300 275 250 225 200 175 150 125 100 75 50 25 50 550 50 25 475 450 425 400 375 350 325 300 275 250 225 200 175 150 125 100 75 50 25
400 400 400 400 450 375 550 350 650 325 725 300 850 275 975 250 1075 225 1175 200 2225 175 2250 150 2075 125 60350 1025 2175 2050 2025 1075 1050 1025 1000 975 950 925 900 875 850 825 800 775 750 725 700 675 650 625 600 575 550 525 500 475 450 425 400 375 350 325 300 275 250 225 200 175 150 125 100 75 25 525 500 475 450 425 400 375 350 325 300 275 250 225 200 175 150 125 100 75 50 25
375 375 375 375 375 425 350 525 325 625 300 700 275 825 250 950 225 1050 200 1150 175 2200 150 2225 125 2050 100 60325 1000 100 50 2000 1000 975 950 925 900 875 850 825 800 775 750 725 700 675 650 625 600 575 550 525 500 475 450 425 400 375 350 325 300 275 250 225 200 175 150 125 100 75 50 25 50 25 50 25 475 450 425 400 375 350 325 300 275 250 225 200 175 150 125 100 75 50
350 350 350 350 350 350 400 325 500 300 600 275 675 250 800 225 925 200 1025 175 1125 150 2175 125 2200 100 2025 75 60300 975 25 25 975 950 925 900 875 850 825 800 775 750 725 700 675 650 625 600 575 550 525 500 475 450 425 400 375 350 325 300 275 250 225 200 175 150 125 100 75 50 25 25 25 100 25 1000 500 475 450 425 400 375 350 325 300 275 250 225 200 175 150 125 100 75
325 325 325 325 325 325 325 375 300 475 275 575 250 650 225 775 200 900 175 1000 150 1100 125 2150 100 2175 75 2000 50 60275 950 925 900 875 850 825 800 775 750 725 700 675 650 625 600 575 550 525 500 475 450 425 400 375 350 325 300 275 250 225 200 175 150 125 100 75 50 25 25 25 50 50 125 25 1550 525 500 475 450 425 400 375 350 325 300 275 250 225 200 175 150 125 100 75
300 300 300 300 300 300 300 300 350 275 450 250 550 225 625 200 750 175 875 150 975 125 1075 100 2125 75 2150 50 1975 25 60250 875 850 825 800 775 750 725 700 675 650 625 600 575 550 525 500 475 450 425 400 375 350 325 300 275 250 225 200 175 150 125 100 75 50 25 25 50 50 75 75 150 50 1575 1200 1175 1150 1125 1100 1075 1050 1025 1000 975 950 925 900 875 850 825 800 775 750 725
275 275 275 275 275 275 275 275 275 325 250 425 225 525 200 600 175 725 150 850 125 950 100 1050 75 2100 50 2125 25 1950 1450 59350 775 750 725 700 675 650 625 600 575 550 525 500 475 450 425 400 375 350 325 300 275 250 225 200 175 150 125 100 75 50 25 25 25 50 75 75 100 100 3075 2900 2825 1225 1025 1000 975 950 925 900 875 850 825 800 775 750 725 700 675 650 625 600 575 550
250 250 250 250 250 250 250 250 250 250 300 225 400 200 500 175 575 150 700 125 825 100 925 75 1025 50 2075 25 2100 1600 475 1425 58550 6625 6600 6575 6550 6525 6500 6475 6450 6425 6400 6375 6350 6325 6300 6275 6250 6225 6200 6175 6150 6125 6100 6075 6050 6025 6000 5975 5950 5925 5900 5850 5800 5725 5625 5525 5400 5275 2175 2150 2125 2100 1050 1025 1000 975 950 925 900 875 850 825 800 775 750 725 700 675 650 625 600 575
225 225 225 225 225 225 225 225 225 225 225 275 200 375 175 475 150 550 125 675 100 800 75 900 50 1000 25 2050 1200 475 1575 450 1400 51900 2400 2375 2350 2325 2300 2275 2250 2225 2200 2175 2150 2125 2100 2075 2050 2025 2000 1975 1950 1925 1900 1875 1850 1825 1800 1775 1750 1725 1700 1675 1650 1625 1600 1575 1550 1525 1500 1475 1450 1425 1400 1375 1350 1325 1300 1275 1250 1225 1200 1175 1150 1125 1100 1075 1050 1025 1000 975 950 300
200 200 200 200 200 200 200 200 200 200 200 200 250 175 350 150 450 125 525 100 650 75 775 50 875 25 975 500 825 1175 450 1550 425 1375 49475 2100 2075 2050 2025 2000 1975 1950 1925 1900 1875 1850 1825 1800 1775 1750 1725 1700 1675 1650 1625 1600 1575 1550 1525 1500 1475 1450 1425 1400 1375 1350 1325 1300 1275 1250 1225 1200 1175 1150 1125 1100 1075 1050 1025 1000 975 950 925 900 875 850 825 800 775 750 725 700 325 300
175 175 175 175 175 175 175 175 175 175 175 175 175 225 150 325 125 425 100 500 75 625 50 750 25 850 450 450 475 800 1150 425 1525 400 1350 47350 975 950 925 900 875 850 825 800 775 750 725 700 675 650 625 600 575 550 525 500 475 450 425 400 375 350 325 300 275 250 225 200 175 150 125 100 75 50 25 1525 1500 1475 1450 1425 1400 1375 1350 1325 1300 1275 1250 1225 1200 1175 375 350 325 300
150 150 150 150 150 150 150 150 150 150 150 150 150 150 200 125 300 100 400 75 475 50 600 25 725 375 375 425 425 450 775 1125 400 1500 375 1325 46350 2475 2450 2425 2400 2375 2350 2325 2300 2275 2250 2225 2200 2175 2150 2125 2100 2075 2050 2025 2000 1975 1950 1925 1900 1875 1850 1825 1800 1775 1750 1725 1700 1675 1650 1625 1600 1575 1550 2450 2425 2400 2375 2350 2325 2300 2275 2250 2225 2200 2175 2150 2125 400 375 350 325 300
125 125 125 125 125 125 125 125 125 125 125 125 125 125 125 175 100 275 75 375 50 450 25 575 325 325 350 350 400 400 425 750 1100 375 1475 350 1300 43850 13525 13500 13475 13450 13425 13400 13375 13350 13325 13300 13275 13250 13225 13200 13175 13150 13125 13100 13075 13050 13025 13000 2825 2800 2775 2750 2725 2700 2675 2650 2625 2600 2575 2550 2525 2500 2475 1600 1575 1550 1525 1500 1475 1450 1425 1400 1375 1350 1325 425 1700 400 375 350 325 300
100 100 100 100 100 100 100 100 100 100 100 100 100 100 100 100 150 75 250 50 350 25 425 225 225 300 300 325 325 375 375 400 725 1075 350 1450 325 1275 30300 650 625 600 575 550 525 500 475 450 425 400 375 350 325 300 275 250 225 200 175 100 10150 3150 3125 3100 3075 3050 3025 3000 2975 2950 2925 2900 2875 2850 2825 1200 1175 1150 1125 1100 1075 1050 1025 1000 975 950 450 425 400 1675 375 350 325 300
75 75 75 75 75 75 75 75 75 75 75 75 75 75 75 75 75 125 50 225 25 325 175 175 200 200 275 275 300 300 350 350 375 700 1050 325 1425 300 1250 29625 14875 14850 14825 14800 14775 14750 14725 14700 14675 14650 14625 14600 14575 14550 14525 14500 14475 14450 13925 50 75 6975 6875 300 275 250 225 200 175 150 125 100 75 50 25 1225 1200 1175 1150 1125 1100 1075 1050 1025 1000 475 450 425 400 375 1650 350 325 300
50 50 50 50 50 50 50 50 50 50 50 50 50 50 50 50 50 50 100 25 200 125 125 150 150 175 175 250 250 275 275 325 325 350 675 1025 300 1400 275 1225 14725 450 425 400 375 350 325 300 275 250 225 200 175 150 125 100 75 175 325 13900 25 50 75 6550 6475 1475 1450 1425 1400 1375 1350 1325 1300 1275 1250 1875 1850 1825 1800 1775 1750 1725 1700 625 500 475 450 425 400 375 350 1625 325 300
25 25 25 25 25 25 25 25 25 25 25 25 25 25 25 25 25 25 25 75 50 50 100 100 125 125 150 150 225 225 250 250 300 300 325 650 1000 275 1375 250 1200 14250 1625 1600 1575 1550 1525 1500 1475 1450 1425 1400 1375 1350 1325 1300 400 50 150 300 13875 25 25 50 50 4975 3075 3050 3025 3000 2975 2950 2925 2900 2875 975 950 925 900 875 850 825 525 525 600 475 450 425 400 375 350 325 1600 300
525 500 475 450 425 400 375 350 325 300 275 250 225 200 175 150 125 100 75 50 25 25 25 75 75 100 100 125 125 200 200 225 225 275 275 300 625 975 250 1350 225 1175 12600 4975 4950 4925 4900 4875 4850 4825 4800 4775 4750 4725 4700 4675 875 375 25 125 275 13825 50 25 25 25 1875 1825 675 650 625 600 575 550 525 500 475 450 425 400 250 350 450 500 500 575 450 425 400 375 350 325 300 1575
775 750 725 700 675 650 625 600 575 550 525 500 475 450 425 400 375 350 150 125 100 75 50 25 50 50 75 75 100 100 175 175 200 200 250 250 275 600 950 225 1325 200 1150 7600 1125 1100 1075 1050 1025 1000 975 950 925 900 875 450 4650 850 350 25 100 250 13750 100 75 50 25 25 1125 1075 150 125 100 75 50 25 100 75 50 25 125 225 325 425 475 475 550 425 400 375 350 325 300 275
700 675 650 625 600 575 550 525 500 475 450 425 400 375 350 325 300 275 175 150 125 100 75 50 25 25 25 50 50 75 75 150 150 175 175 225 225 250 575 925 200 1300 175 1125 6450 1300 1275 1250 1225 1200 1175 1150 1125 1100 600 400 425 4625 825 300 25 75 225 13625 125 100 75 50 25 25 900 225 200 175 150 125 125 100 75 50 25 100 200 300 400 450 450 525 400 375 350 325 300 275
775 750 725 700 675 650 625 600 575 550 525 500 475 450 425 400 375 350 250 225 200 175 150 125 100 75 50 25 25 25 50 50 125 125 150 150 200 200 225 550 900 175 1275 150 1100 5125 600 575 550 525 500 475 450 425 475 575 375 400 4600 800 250 25 50 200 13475 150 125 100 75 50 25 650 625 200 175 150 150 125 100 75 50 25 75 175 275 375 425 425 500 375 350 325 300 275
850 825 800 775 750 725 700 675 650 625 600 575 550 525 500 475 450 425 325 300 275 250 225 200 175 150 125 100 75 50 25 25 25 100 100 125 125 175 175 200 525 875 150 1250 125 1075 4500 1275 1250 1225 1200 1175 1150 600 400 450 550 350 375 4575 775 200 25 25 175 13300 175 150 125 100 75 50 25 400 375 350 175 150 125 100 75 50 25 50 150 250 350 400 400 475 350 325 300 275
450 425 400 375 350 325 300 275 250 225 200 175 150 125 100 75 50 25 400 375 350 325 300 275 250 225 200 175 150 125 100 75 50 25 75 75 100 100 150 150 175 500 850 125 1225 100 1050 3200 1000 975 950 925 425 525 575 375 425 525 325 350 4550 750 150 50 25 150 13100 675 650 625 600 575 550 525 500 475 200 175 150 125 100 75 50 25 25 125 225 325 375 375 450 325 300 275
1350 1325 1300 1275 1250 1225 1200 1175 1150 1125 1100 1075 1050 1025 1000 975 950 450 425 400 375 350 325 300 275 250 225 200 175 150 125 100 75 50 25 50 50 75 75 125 125 150 475 825 100 1200 75 1025 2175 1175 1150 1125 475 400 500 550 350 400 500 300 325 4525 725 75 50 25 125 12400 10900 10875 10850 10825 10800 10775 10750 10700 250 225 200 175 150 125 100 75 50 25 100 200 300 350 350 425 300 275
975 950 925 900 875 850 825 800 775 750 725 700 675 650 625 600 575 475 450 425 400 375 350 325 300 275 250 225 200 175 150 125 100 75 50 25 25 25 50 50 100 100 125 450 800 75 1175 50 1000 975 950 425 1100 450 375 475 525 325 375 475 275 300 4500 700 75 50 25 100 1475 200 175 150 125 100 75 25 10675 250 225 200 175 150 125 100 75 50 25 75 175 275 325 325 400 275
1050 1025 1000 975 950 925 900 875 850 825 800 775 750 725 700 675 650 550 525 500 475 450 425 400 375 350 325 300 275 250 225 200 175 150 125 100 75 50 25 25 25 75 75 100 425 775 50 1150 25 975 425 500 400 1075 425 350 450 500 300 350 450 250 275 4475 600 75 50 25 75 1250 275 250 225 200 175 50 25 10400 10375 10350 200 175 150 125 100 75 50 25 50 150 250 300 300 375
425 400 375 350 325 300 275 250 225 200 175 150 125 100 75 50 25 625 600 575 550 525 500 475 450 425 400 375 350 325 300 275 250 225 200 175 150 125 100 75 50 25 50 50 75 400 750 25 1125 1100 525 400 475 375 1050 400 325 425 475 275 325 425 225 250 4450 500 75 50 25 50 950 375 350 325 275 150 125 100 75 50 10125 9500 175 150 125 100 75 50 25 25 125 225 275 275
1075 1050 1025 1000 975 950 925 900 875 850 825 800 775 750 725 700 675 650 625 600 575 550 525 500 475 450 425 400 375 350 325 300 275 250 225 200 175 150 125 100 75 50 25 25 25 50 375 725 700 350 1075 500 375 450 350 1025 375 300 400 450 250 300 400 200 225 4425 400 75 50 25 25 550 100 75 25 250 100 75 50 25 25 600 9300 7275 175 150 125 100 75 50 25 100 200 250
2525 2500 2475 2450 2425 2400 2375 2350 2325 2300 2275 2250 2225 2200 2175 2150 750 725 700 675 650 625 600 575 550 525 500 475 450 425 400 375 350 325 300 275 250 225 200 175 150 125 100 75 50 25 25 350 325 325 325 1050 475 350 425 325 1000 350 275 375 425 225 275 375 175 200 4400 300 100 75 50 25 425 375 50 25 125 100 75 50 25 50 525 2000 7075 6200 3900 125 100 75 50 25 75 175
1700 1675 1650 1625 1600 1575 1550 1525 1500 1475 1450 1425 1400 1375 1350 1325 1375 1350 1325 1300 1275 1250 1225 1200 1175 1150 1125 1100 1075 1050 1025 1000 975 950 925 900 875 850 825 800 775 750 725 700 675 650 625 600 300 300 300 300 1025 450 325 400 300 975 325 250 350 400 200 250 350 150 175 4375 175 150 125 100 75 25 350 150 125 100 75 50 25 25 50 450 1975 850 2275 3750 3475 100 75 50 25 50
1400 1375 1350 1325 1300 1275 1250 1225 1200 1175 1150 1125 1100 1075 1050 1025 1300 1275 1250 1225 1200 1175 1150 1125 1100 1075 1050 1025 1000 975 950 925 900 875 850 825 800 775 750 725 700 675 650 625 600 575 550 275 275 275 275 275 275 1000 425 300 375 275 950 300 225 325 375 175 225 325 125 150 4350 350 325 300 275 50 25 175 150 125 100 75 50 25 25 75 350 1950 825 2250 250 3350 3100 75 50 25
400 375 350 325 300 275 250 225 200 175 150 125 100 75 50 25 1000 975 950 925 900 875 850 825 800 775 750 725 700 675 650 625 600 575 550 525 500 475 450 425 400 375 350 325 300 275 250 250 250 250 250 250 250 250 975 400 275 350 250 925 275 200 300 350 150 200 300 100 125 3975 3750 3725 3700 250 225 200 175 150 125 100 75 50 25 50 75 250 1925 800 2225 225 225 3000 1650 75
2625 2600 2575 2550 2525 2500 2475 2450 2425 2400 2375 2350 2325 2300 2275 1175 1150 1125 1100 1075 1050 1025 1000 975 950 925 900 875 850 825 800 775 750 725 700 675 650 625 600 575 550 525 500 475 450 425 225 225 225 225 225 225 225 225 225 950 375 250 325 225 900 250 175 275 325 125 175 275 75 100 200 150 100 3675 225 200 175 150 125 100 75 50 25 25 50 100 125 1900 775 2200 200 200 1325 1550
1250 1225 1200 1175 1150 1125 1100 1075 1050 1025 1000 975 950 925 900 1075 1050 1025 1000 975 950 925 900 875 850 825 800 775 750 725 700 675 650 625 600 575 550 525 500 475 450 425 400 375 350 175 175 200 200 200 200 200 200 200 200 200 925 350 225 300 200 875 225 150 250 300 100 150 250 50 75 25 25 75 3425 3375 200 175 150 125 100 75 50 25 25 75 100 150 1725 750 2175 175 175 1300
1325 1300 1275 1250 1225 1200 1175 1150 1125 1100 1075 1050 1025 1000 975 875 850 825 800 775 750 725 700 675 650 625 600 575 550 525 500 475 450 425 400 375 350 325 300 275 250 225 200 175 150 150 150 150 175 175 175 175 175 175 175 175 175 900 325 200 275 175 850 200 125 225 275 75 125 225 25 50 25 50 25 75 3075 200 175 150 125 100 75 50 25 50 75 125 300 1400 725 2150 150 150
1175 1150 1125 1100 1075 1050 1025 1000 975 950 925 900 875 850 825 950 925 900 875 850 825 800 775 750 725 700 675 650 625 600 575 550 525 500 475 450 425 400 375 350 325 300 275 250 125 125 125 125 125 150 150 150 150 150 150 150 150 150 875 300 175 250 150 825 175 100 200 250 50 100 200 175 75 25 50 25 75 2775 2375 1875 125 100 75 50 25 25 50 100 275 250 1125 700 2125 125
375 350 325 300 275 250 225 200 175 150 125 100 75 50 25 800 775 750 725 700 675 650 625 600 575 550 525 500 475 450 425 400 375 350 325 300 275 250 225 200 175 150 125 100 100 100 100 100 100 100 125 125 125 125 125 125 125 125 125 850 275 150 225 125 800 150 75 175 225 25 75 50 75 50 25 25 100 375 175 475 1725 125 100 75 50 25 25 75 250 225 500 600 675 2100
1875 1850 1825 1800 1775 1750 1725 1700 1675 1650 1625 1600 1575 1550 800 775 750 725 700 675 650 625 600 575 550 525 500 475 450 425 400 375 350 325 300 275 250 225 200 175 150 125 100 50 75 75 75 75 75 75 75 100 100 100 100 100 100 100 100 100 825 250 125 200 100 775 125 50 150 200 175 125 25 50 25 75 25 50 150 200 250 1575 1275 100 75 50 25 50 225 200 475 225 350 650
